{
  "accessors": [
    {
      "bufferView": 2,
      "componentType": 5126,
      "count": 1213,
      "max": [
        4.9560909271240234,
        3.2089109420776367,
        0.11002600193023682
      ],
      "min": [
        -7.2266812324523926,
        0.75287699699401855,
        -0.11002600193023682
      ],
      "type": "VEC3"
    },
    {
      "bufferView": 2,
      "byteOffset": 14556,
      "componentType": 5126,
      "count": 1213,
      "max": [
        1,
        1,
        0.99999213218688965
      ],
      "min": [
        -1,
        -1,
        -1
      ],
      "type": "VEC3"
    },
    {
      "bufferView": 3,
      "componentType": 5126,
      "count": 1213,
      "max": [
        1,
        1,
        1,
        1
      ],
      "min": [
        -1,
        -1,
        -1,
        -1
      ],
      "type": "VEC4"
    },
    {
      "bufferView": 1,
      "componentType": 5126,
      "count": 1213,
      "max": [
        0.875,
        1
      ],
      "min": [
        0.125,
        0
      ],
      "type": "VEC2"
    },
    {
      "bufferView": 0,
      "componentType": 5125,
      "count": 3510,
      "max": [
        980
      ],
      "min": [
        0
      ],
      "type": "SCALAR"
    },
    {
      "bufferView": 2,
      "byteOffset": 29112,
      "componentType": 5126,
      "count": 1884,
      "max": [
        4.7601609230041504,
        3.0429940223693848,
        0.040019001811742783
      ],
      "min": [
        -7.0631561279296875,
        0.82938200235366821,
        -0.040019001811742783
      ],
      "type": "VEC3"
    },
    {
      "bufferView": 2,
      "byteOffset": 51720,
      "componentType": 5126,
      "count": 1884,
      "max": [
        0.27820110321044922,
        0.27515506744384766,
        1
      ],
      "min": [
        -0.58209115266799927,
        -0.41320300102233887,
        -1
      ],
      "type": "VEC3"
    },
    {
      "bufferView": 3,
      "byteOffset": 19408,
      "componentType": 5126,
      "count": 1884,
      "max": [
        1,
        0.99077904224395752,
        0.58209121227264404,
        1
      ],
      "min": [
        -0.40183106064796448,
        -0.99887347221374512,
        -0.58209145069122314,
        -1
      ],
      "type": "VEC4"
    },
    {
      "bufferView": 1,
      "byteOffset": 9704,
      "componentType": 5126,
      "count": 1884,
      "max": [
        0.625,
        0.75
      ],
      "min": [
        0.375,
        0
      ],
      "type": "VEC2"
    },
    {
      "bufferView": 0,
      "byteOffset": 14040,
      "componentType": 5125,
      "count": 9894,
      "max": [
        1883
      ],
      "min": [
        0
      ],
      "type": "SCALAR"
    },
    {
      "bufferView": 2,
      "byteOffset": 74328,
      "componentType": 5126,
      "count": 147,
      "max": [
        7.4440250396728516,
        1.8644360303878784,
        0.11156199872493744
      ],
      "min": [
        4.9560909271240234,
        1.3853520154953003,
        -0.11156199872493744
      ],
      "type": "VEC3"
    },
    {
      "bufferView": 2,
      "byteOffset": 76092,
      "componentType": 5126,
      "count": 147,
      "max": [
        1,
        1,
        0.99999988079071045
      ],
      "min": [
        -0.36407521367073059,
        -0.99999845027923584,
        -0.99999988079071045
      ],
      "type": "VEC3"
    },
    {
      "bufferView": 3,
      "byteOffset": 49552,
      "componentType": 5126,
      "count": 147,
      "max": [
        0.078595459461212158,
        1,
        1,
        1
      ],
      "min": [
        -0.14656801521778107,
        -1,
        -1,
        -1
      ],
      "type": "VEC4"
    },
    {
      "bufferView": 1,
      "byteOffset": 24776,
      "componentType": 5126,
      "count": 147,
      "max": [
        0.65625,
        0.68844002485275269
      ],
      "min": [
        0.34375,
        -0
      ],
      "type": "VEC2"
    },
    {
      "bufferView": 0,
      "byteOffset": 53616,
      "componentType": 5125,
      "count": 660,
      "max": [
        146
      ],
      "min": [
        0
      ],
      "type": "SCALAR"
    }
  ],
  "asset": {
    "extras": {
      "author": "Haxis (https://sketchfab.com/Haxis)",
      "license": "CC-BY-4.0 (http://creativecommons.org/licenses/by/4.0/)",
      "source": "https://sketchfab.com/3d-models/kiritos-elucidator-8e42590fc5d147b39f4b667f4142cb4b",
      "title": "Kirito's Elucidator"
    },
    "generator": "Sketchfab-6.61.0",
    "version": "2.0"
  },
  "bufferViews": [
    {
      "buffer": 0,
      "byteLength": 56256,
      "byteOffset": 0,
      "name": "floatBufferViews",
      "target": 34963
    },
    {
      "buffer": 0,
      "byteLength": 25952,
      "byteOffset": 56256,
      "byteStride": 8,
      "name": "floatBufferViews",
      "target": 34962
    },
    {
      "buffer": 0,
      "byteLength": 77856,
      "byteOffset": 82208,
      "byteStride": 12,
      "name": "floatBufferViews",
      "target": 34962
    },
    {
      "buffer": 0,
      "byteLength": 51904,
      "byteOffset": 160064,
      "byteStride": 16,
      "name": "floatBufferViews",
      "target": 34962
    }
  ],
  "buffers": [
    {
      "byteLength": 211968,
      "uri": "scene.bin"
    }
  ],
  "materials": [
    {
      "doubleSided": true,
      "emissiveFactor": [
        0,
        0,
        0
      ],
      "name": "branco",
      "pbrMetallicRoughness": {
        "baseColorFactor": [
          1,
          1,
          1,
          1
        ],
        "metallicFactor": 1,
        "roughnessFactor": 0.28830030487804881
      }
    },
    {
      "doubleSided": true,
      "emissiveFactor": [
        0,
        0,
        0
      ],
      "name": "preto",
      "pbrMetallicRoughness": {
        "baseColorFactor": [
          0.028000000000000001,
          0.028000000000000001,
          0.028000000000000001,
          1
        ],
        "metallicFactor": 1,
        "roughnessFactor": 0
      }
    },
    {
      "doubleSided": true,
      "emissiveFactor": [
        0,
        0,
        0
      ],
      "name": "cabo",
      "pbrMetallicRoughness": {
        "baseColorFactor": [
          0.0195,
          0.0195,
          0.0195,
          1
        ],
        "metallicFactor": 0.91634908536585369,
        "roughnessFactor": 1
      }
    }
  ],
  "meshes": [
    {
      "name": "pCone9_branco_0",
      "primitives": [
        {
          "attributes": {
            "NORMAL": 1,
            "POSITION": 0,
            "TANGENT": 2,
            "TEXCOORD_0": 3
          },
          "indices": 4,
          "material": 0,
          "mode": 4
        }
      ]
    },
    {
      "name": "pCone9_preto_0",
      "primitives": [
        {
          "attributes": {
            "NORMAL": 6,
            "POSITION": 5,
            "TANGENT": 7,
            "TEXCOORD_0": 8
          },
          "indices": 9,
          "material": 1,
          "mode": 4
        }
      ]
    },
    {
      "name": "pCone9_cabo_0",
      "primitives": [
        {
          "attributes": {
            "NORMAL": 11,
            "POSITION": 10,
            "TANGENT": 12,
            "TEXCOORD_0": 13
          },
          "indices": 14,
          "material": 2,
          "mode": 4
        }
      ]
    }
  ],
  "nodes": [
    {
      "children": [
        1
      ],
      "name": "RootNode (gltf orientation matrix)",
      "rotation": [
        -0.70710678118654746,
        -0,
        -0,
        0.70710678118654757
      ]
    },
    {
      "children": [
        2
      ],
      "name": "RootNode (model correction matrix)"
    },
    {
      "children": [
        3
      ],
      "matrix": [
        1,
        0,
        0,
        0,
        0,
        0,
        1,
        0,
        0,
        -1,
        0,
        0,
        0,
        0,
        0,
        1
      ],
      "name": "3f36991e9d5b4b749503470ecc1b02e1.fbx"
    },
    {
      "children": [
        4,
        8,
        11,
        14,
        17,
        20,
        23,
        26
      ],
      "name": "RootNode"
    },
    {
      "children": [
        5,
        6,
        7
      ],
      "matrix": [
        0.36933288017244548,
        0.034960814658864449,
        0.0026717756166433453,
        0,
        0.031246797269306268,
        -0.31535539988176048,
        -0.19290090885198646,
        0,
        -0.015907056613448618,
        0.19226250427249039,
        -0.31688841620324071,
        0,
        0,
        0.88488364219665527,
        0.42555874586105347,
        1
      ],
      "name": "pCone9"
    },
    {
      "mesh": 0,
      "name": "pCone9_branco_0"
    },
    {
      "mesh": 1,
      "name": "pCone9_preto_0"
    },
    {
      "mesh": 2,
      "name": "pCone9_cabo_0"
    },
    {
      "children": [
        9
      ],
      "matrix": [
        -0.51313300277613716,
        -0.4431596641910186,
        -0.73505376231677644,
        0,
        -0.072783506249175206,
        0.87577934673866764,
        -0.47719293482203695,
        0,
        0.85521756452964681,
        -0.19136365344572651,
        -0.48164600014936565,
        0,
        -2.717313289642334,
        6.0387187004089355,
        -2.9616382122039795,
        1
      ],
      "name": "Lamp_005"
    },
    {
      "children": [
        10
      ],
      "matrix": [
        1,
        0,
        0,
        0,
        0,
        2.2204460492503131e-16,
        1,
        0,
        0,
        -1,
        2.2204460492503131e-16,
        0,
        0,
        0,
        0,
        1
      ],
      "name": ""
    },
    {
      "name": ""
    },
    {
      "children": [
        12
      ],
      "matrix": [
        -0.51313300277613716,
        -0.4431596641910186,
        -0.73505376231677644,
        0,
        -0.072783506249175206,
        0.87577934673866764,
        -0.47719293482203695,
        0,
        0.85521756452964681,
        -0.19136365344572651,
        -0.48164600014936565,
        0,
        -1.9090967178344727,
        6.013153076171875,
        -2.9290525913238525,
        1
      ],
      "name": "Lamp_004"
    },
    {
      "children": [
        13
      ],
      "matrix": [
        1,
        0,
        0,
        0,
        0,
        2.2204460492503131e-16,
        1,
        0,
        0,
        -1,
        2.2204460492503131e-16,
        0,
        0,
        0,
        0,
        1
      ],
      "name": ""
    },
    {
      "name": ""
    },
    {
      "children": [
        15
      ],
      "matrix": [
        -0.51313300277613716,
        -0.4431596641910186,
        -0.73505376231677644,
        0,
        -0.072783506249175206,
        0.87577934673866764,
        -0.47719293482203695,
        0,
        0.85521756452964681,
        -0.19136365344572651,
        -0.48164600014936565,
        0,
        -0.1559414267539978,
        5.9575605392456055,
        -2.8585999011993408,
        1
      ],
      "name": "Lamp_003"
    },
    {
      "children": [
        16
      ],
      "matrix": [
        1,
        0,
        0,
        0,
        0,
        2.2204460492503131e-16,
        1,
        0,
        0,
        -1,
        2.2204460492503131e-16,
        0,
        0,
        0,
        0,
        1
      ],
      "name": ""
    },
    {
      "name": ""
    },
    {
      "children": [
        18
      ],
      "matrix": [
        -0.51313300277613716,
        -0.4431596641910186,
        -0.73505376231677644,
        0,
        -0.072783506249175206,
        0.87577934673866764,
        -0.47719293482203695,
        0,
        0.85521756452964681,
        -0.19136365344572651,
        -0.48164600014936565,
        0,
        0.70835840702056885,
        5.9673080444335938,
        -2.7608640193939209,
        1
      ],
      "name": "Lamp_002"
    },
    {
      "children": [
        19
      ],
      "matrix": [
        1,
        0,
        0,
        0,
        0,
        2.2204460492503131e-16,
        1,
        0,
        0,
        -1,
        2.2204460492503131e-16,
        0,
        0,
        0,
        0,
        1
      ],
      "name": ""
    },
    {
      "name": ""
    },
    {
      "children": [
        21
      ],
      "matrix": [
        -0.51313300277613716,
        -0.4431596641910186,
        -0.73505376231677644,
        0,
        -0.072783506249175206,
        0.87577934673866764,
        -0.47719293482203695,
        0,
        0.85521756452964681,
        -0.19136365344572651,
        -0.48164600014936565,
        0,
        1.1676805019378662,
        5.9278039932250977,
        -2.7846944332122803,
        1
      ],
      "name": "Lamp_001"
    },
    {
      "children": [
        22
      ],
      "matrix": [
        1,
        0,
        0,
        0,
        0,
        2.2204460492503131e-16,
        1,
        0,
        0,
        -1,
        2.2204460492503131e-16,
        0,
        0,
        0,
        0,
        1
      ],
      "name": ""
    },
    {
      "name": ""
    },
    {
      "children": [
        24
      ],
      "matrix": [
        -0.51313300277613716,
        -0.4431596641910186,
        -0.73505376231677644,
        0,
        -0.072783506249175206,
        0.87577934673866764,
        -0.47719293482203695,
        0,
        0.85521756452964681,
        -0.19136365344572651,
        -0.48164600014936565,
        0,
        1.5153298377990723,
        5.9038619995117188,
        -2.792628288269043,
        1
      ],
      "name": "Lamp"
    },
    {
      "children": [
        25
      ],
      "matrix": [
        1,
        0,
        0,
        0,
        0,
        2.2204460492503131e-16,
        1,
        0,
        0,
        -1,
        2.2204460492503131e-16,
        0,
        0,
        0,
        0,
        1
      ],
      "name": ""
    },
    {
      "name": ""
    },
    {
      "children": [
        27
      ],
      "matrix": [
        0.87813509337507734,
        0.10538171242644155,
        0.46666203238448173,
        0,
        -0.09308948948365188,
        0.99443184286398212,
        -0.04939288254209824,
        0,
        -0.46926866343212215,
        -6.7706828869530905e-05,
        0.88305537636499831,
        0,
        -1.4359468221664429,
        0.11558976769447327,
        -0.15200155973434448,
        1
      ],
      "name": "Camera"
    },
    {
      "name": ""
    }
  ],
  "scene": 0,
  "scenes": [
    {
      "name": "OSG_Scene",
      "nodes": [
        0
      ]
    }
  ]
}

